0
0.008022551757961694	9.370128154754639
0.008151624836361827	9.454915523529053
0.008281246432492156	9.544641971588135
0.00841108657865567	9.636392831802368
0.008540245362951143	9.724531412124634
0.008669999803219313	9.81973671913147
0.008799591402286323	9.91340947151184
0.008928891601309098	10.039030313491821
0.009058431776838877	10.140094518661499
0.00918810479650646	10.23068881034851
0.009317426422003115	10.32191514968872
0.009446966597532936	10.41667890548706
0.009576228228902835	10.50951886177063
0.009705764119137868	10.601678133010864
0.00983501289462346	10.6951425075531
0.010223723412402944	10.784955501556396
0.010353267873227516	10.869542360305786
0.010482460939881129	10.95651364326477
0.010611992544821407	11.045644760131836
0.011065333878285876	11.131650924682617
0.011518593791149657	11.214135646820068
0.011648193960806182	11.300232410430908
0.011776838509729576	11.378919124603271
0.011906190132289577	11.461502313613892
0.012035541754849608	11.549421310424805
0.012164876236230549	11.63584303855896
0.012293919317567356	11.716630697250366
0.01242322380188487	11.800528049468994
0.012552536856791975	11.886966705322266
0.01268181991463571	11.97118067741394
0.012810944416572998	12.057214260101318
0.013197238028103487	12.139411687850952
0.013390393404458351	12.224093675613403
0.013518935106307275	12.304459810256958
0.013647871055274874	12.385579347610474
0.013777136971939542	12.468376159667969
0.013906381462130331	12.555010557174683
0.014035368834635088	12.635775804519653
0.014293510706140511	12.714907884597778
0.014422699487499352	12.797444820404053
0.014680747082519947	12.877605676651001
0.014809665890308412	12.957865953445435
0.014938751824592806	13.042930603027344
0.0150678848971197	13.121948003768921
0.015196790849023898	13.201972484588623
0.015325731083286212	13.282198190689087
0.01545412279981831	13.359746932983398
0.015582900192879444	13.440491914749146
0.015840990640847735	13.520017147064209
0.015969836598625234	13.605776071548462
0.016098494003432832	13.709073066711426
0.016227108555292784	13.791589498519897
0.01635610449838706	13.86984658241272
0.016483107779414415	14.035356760025024
0.016612005160729082	14.116163492202759
0.016740195468407063	14.19717001914978
0.0168691099909008	14.280466556549072
0.01699798594574162	14.36060380935669
0.01712639051815794	14.440933465957642
0.0172541951493068	14.521223068237305
0.017382162621656882	14.602067708969116
0.017510768602927374	14.68070912361145
0.01763879178410943	14.761281728744507
0.017886704657004614	14.923330307006836
0.018136755891988876	15.001842021942139
0.01819972401330401	15.083783864974976
0.018323123361431853	15.158202886581421
0.01844681410960389	15.235380411148071
0.019020289396583196	15.30826449394226
0.022273140951709815	15.382256507873535
0.022401014147575102	15.509369134902954
0.022528681649291407	15.583331108093262
0.02265651627750358	15.653302669525146
0.022784338049831546	15.725823640823364
0.023038948838448474	15.801592826843262
0.023294468109556026	15.87116813659668
0.028417070907092754	15.939137935638428
0.02854362423216956	16.01070284843445
0.03023909682167595	16.07688856124878
0.04404702363652032	16.139567852020264
0.0442960378301709	16.21953582763672
0.044544872041441176	16.28218984603882
0.04466855850431842	16.34105157852173
0.04479221068483739	16.40610980987549
0.044916737065489085	16.46708607673645
0.04504104918140258	16.536980867385864
0.04516541272085305	16.596803426742554
0.045289690554408256	16.655009508132935
0.04541344558200185	16.718533039093018
0.04577374888076704	16.77838969230652
0.0458971439436001	16.836122512817383
0.04602128464772263	16.891589164733887
0.04614523679887549	16.950504541397095
0.046268773276435825	17.0131196975708
0.04639230546870142	17.072782516479492
0.04651600907275769	17.14087438583374
0.04664005550039529	17.207963228225708
0.04676364340149286	17.268614292144775
0.04688708988786317	17.32325577735901
0.04701053637423347	17.38304114341736
0.047134681363650864	17.44045853614807
0.04725822641180081	17.499098539352417
0.047381754318771674	17.560118675231934
0.04750566361697685	17.622255325317383
0.047629007256272636	17.680795669555664
0.047875673108390346	17.73945665359497
0.04792692094851616	17.854028940200806
0.0480507016878783	17.91301703453064
0.04817425959191257	17.969269037246704
0.04829792462831591	18.031182527542114
0.048421083999936644	18.08890438079834
0.04842150824411866	18.144524335861206
0.04854525470112281	18.202099323272705
0.048668838316925436	18.259578466415405
0.04891632694563883	18.318336963653564
0.04903940918195385	18.37761688232422
0.04940874588208883	18.4351806640625
0.04953184525958301	18.49462890625
0.049655034628267286	18.554189682006836
0.049778168288119554	18.61236548423767
0.0499017476186277	18.670329332351685
0.05002514268146075	18.729026079177856
0.05014827634131294	18.788761377334595
0.05027135429233323	18.845710039138794
0.05039494219343077	18.900824069976807
0.050518272976842346	18.958168268203735
0.05064175374557077	19.01857852935791
0.05076523022900446	19.078816175460815
0.05088845388004679	19.133915185928345
0.05101113329865372	19.191083908081055
0.05113400555552514	19.248744249343872
0.051256800677090694	19.306387901306152
0.05137973721338373	19.36669373512268
0.05150262661143412	19.422422170639038
0.051625880259539896	19.48220133781433
0.051749172475298554	19.542169094085693
0.05187214329394957	19.60879945755005
0.05187254182636296	19.6686053276062
0.05199538408617108	19.728099584579468
0.05211802493712512	19.787904739379883
0.05224079863221674	19.84702205657959
0.054450797993879266	20.145867347717285
0.05457371738899312	20.204103708267212
0.05494238558314447	20.263851165771484
0.05494604951017082	20.318976879119873
0.05506888748468408	20.380740642547607
0.055191734029786846	20.439186573028564
0.055313984918916724	20.50289487838745
0.05543624437863639	20.559662580490112
0.055673405446959354	20.67589783668518
0.055796054868502684	20.732977390289307
0.055918237192916234	20.791783809661865
0.0560410194585974	20.851423025131226
0.0561637760125101	20.908139944076538
0.05628644257523258	20.969593286514282
0.05665435227221032	21.031435251235962
0.09297554224577649	21.079509258270264
0.09307828218782975	21.174597024917603
0.093195412149713	21.22193431854248
0.09331197216739168	21.270909070968628
0.0934284379085856	21.31787919998169
0.09354488650860004	21.365622758865356
0.09366151509099521	21.413780212402344
0.09389425373511855	21.463660955429077
0.09401052663804764	21.516557216644287
0.09412696238217828	21.562873125076294
0.09424319243215953	21.608874797821045
0.09435954247039466	21.65584635734558
0.09447654387343425	21.70226526260376
0.09459284248813245	21.75083827972412
0.0947091196763562	21.798135995864868
0.09482553399401272	21.842538118362427
0.09494228256466081	21.89084267616272
0.0957588626238064	21.938809394836426
0.09599205550917497	21.98954439163208
0.09622518840041698	22.0378155708313
0.09634173556221105	22.089101552963257
0.0964577727739281	22.136658191680908
0.09657428565336434	22.18318462371826
0.09669078567691672	22.23048210144043
0.09680725998869999	22.278149127960205
0.09692337862101756	22.32430863380432
0.09703927013271318	22.370913982391357
0.09715521306794535	22.41649627685547
0.09720955489089333	22.560012578964233
0.09732560924378943	22.606623649597168
0.09744156074961134	22.654913425445557
0.09744333914693995	22.703189849853516
0.097559200661571	22.74985098838806
0.09767572211159686	22.795770406723022
0.09779191359392554	22.841047048568726
0.09790772368501917	22.888457775115967
0.09802402658501218	22.93619680404663
0.09813976382609525	22.98617124557495
0.09825554392012639	23.032893657684326
0.09837145685829508	23.07894539833069
0.09848766548180297	23.127012252807617
0.09860320131403226	23.17267870903015
0.09871888713157834	23.220131158828735
0.09883460294618762	23.267829179763794
0.09918162183117332	23.315006732940674
0.0992972776516563	23.361432790756226
0.0994130620309823	23.407004833221436
0.09952862357498048	23.45715832710266
0.09964457508080213	23.50363564491272
0.09987669664247852	23.552576780319214
0.09997722537243137	23.645913124084473
0.10009322401649554	23.694221258163452
0.10020888840756774	23.75493884086609
0.10032429568095413	23.83577251434326
0.10042431446082874	23.946941614151
0.10053954175183469	23.997717142105103
0.1005753068219654	24.061975240707397
0.10069082979831015	24.12936544418335
0.1008060870863794	24.197630882263184
0.10103786582447428	24.255677223205566
0.10115308454489048	24.316580295562744
0.10138475186532163	24.36923861503601
0.10150004772104398	24.424587726593018
0.10161562640622065	24.488444328308105
0.10173094797371131	24.549010276794434
0.10173131222376654	24.605679035186768
0.10173269637397653	24.665038108825684
0.1019642951296913	24.721014261245728
0.10207959098541372	24.7817964553833
0.10219468114698721	24.8539879322052
0.10226921099358524	25.409554719924927
0.102384164025726	25.464306831359863
0.10249936989025808	25.50898241996765
0.10261459718126396	25.556641340255737
0.10272952021634156	25.60556149482727
0.10284431897787104	25.655003309249878
0.10295915202175819	25.706286191940308
0.10307443502159619	25.75199246406555
0.10318950804199054	25.798733711242676
0.10330450821237401	25.84716820716858
0.1034192384091866	25.895073890686035
0.10342460359823566	25.945802927017212
0.10353934665093276	25.99185848236084
0.1035446989840975	26.039108514785767
0.10355002560549362	26.086316347122192
0.10366476865819121	26.134587049484253
0.10377964884032106	26.18366050720215
0.10389500897546494	26.23276114463806
0.10400966203697223	26.28022575378418
0.10412482076326207	26.32869005203247
0.10423976951010797	26.375823259353638
0.1043547611099019	26.424088716506958
0.10446934989198749	26.471856832504272
0.10458417007999044	26.519116163253784
0.10469887456503478	26.56806993484497
0.10481413613839914	26.61661672592163
0.10492855779398866	26.66336750984192
0.10504326656432782	26.709238529205322
0.10515795390819307	26.759408950805664
0.1052731254903673	26.806188821792603
0.10550346436942024	26.853020668029785
0.10561804029562123	26.900991201400757
0.10573306189247869	26.952896118164062
0.10607637828278539	26.99889302253723
0.1061907913677856	27.050631523132324
0.10630572725874753	27.10072612762451
0.1064201660555165	27.150845527648926
0.209234239422917	27.183881044387817
0.2093301828874692	27.22316026687622
0.20942632347558046	27.258220672607422
0.2095226740431352	27.29399085044861
0.2096185789400339	27.33180022239685
0.20971452668988028	27.36734104156494
0.20981039301912643	27.40273904800415
0.20990651646605848	27.440600872039795
0.2100023399423569	27.4794921875
0.21009821055689754	27.515188932418823
0.21019390975964775	27.561805725097656
0.2102898660800839	27.61784815788269
0.21038556528283392	27.673641204833984
0.21048159445328105	27.722163200378418
0.21057776075316068	27.75912570953369
0.21067406418247292	27.799737215042114
0.21077005478526717	27.85711169242859
0.21083069170622895	28.002034664154053
0.21092648090016902	28.036945343017578
0.2109270808414364	28.091112852096558
0.21102308858540977	28.146525621414185
0.2111187877881598	28.201048612594604
0.21111938344413259	28.2372305393219
0.21121514264100943	28.278806447982788
0.21131106896438198	28.313069581985474
0.2114070381407026	28.348965406417847
0.21140877368508357	28.394155740737915
0.21150422434073718	28.45092463493347
0.21150480714082565	28.5065701007843
0.2116970068964473	28.55386781692505
0.21179208901675087	28.589315176010132
0.2118877925047957	28.624696493148804
0.21217453014828544	28.6614830493927
0.21217626569266626	28.698633670806885
0.21220443722046847	28.998934745788574
0.2123003506879568	29.035953760147095
0.21258643268134633	29.071853160858154
0.2126823804311929	29.106752634048462
0.2127776982427083	29.17396330833435
0.21287301176892928	29.230600118637085
0.2131588237887493	29.281527757644653
0.213253828773747	29.316171884536743
0.21334916801173665	29.35482406616211
0.21344449010854719	29.390963792800903
0.21346251834363414	29.430800437927246
0.21355787043750762	29.467200994491577
0.21374929884007127	29.500267267227173
0.21384427382800567	29.552627325057983
0.21393948450715208	29.606927156448364
0.2140345409156869	29.66316056251526
0.21412962732128504	29.70389461517334
0.21422523653284542	29.74208426475525
0.21432019437960068	29.781237840652466
0.21441514794106115	29.81731677055359
0.2145100586495742	29.853001594543457
0.21460486222571798	29.89275288581848
0.21469970865480917	29.933500051498413
0.21474163597881518	29.968963861465454
0.21483679951971937	30.004027128219604
0.21493150881937823	30.062861919403076
0.21502637667494334	30.120103359222412
0.21504438776885187	30.174564361572266
0.21513914849204774	30.2134530544281
0.215234294891773	30.251524686813354
0.21532939415325567	30.286515712738037
0.21542413344997768	30.32116985321045
0.21551905701437463	30.35549569129944
0.2156140877111408	30.39249348640442
0.21570882700786287	30.430426120758057
0.21580418338703156	30.46462893486023
0.21608832414189189	30.49801206588745
0.21618298201801336	30.555947303771973
0.2162774899088178	30.61711072921753
0.2165615278166046	30.671324014663696
0.21657958176346037	30.70305061340332
0.21667440676607774	30.74269437789917
0.2167690003627778	30.777096271514893
0.21686378251244784	30.81197500228882
0.2169535208701761	30.921388626098633
0.2170476473697465	30.955238580703735
0.21714215097525658	30.986955165863037
0.2172366331542926	31.026270866394043
0.217331012486254	31.059793949127197
0.21742520326524573	31.100677967071533
0.21751973686781909	31.15508198738098
0.21761424904391835	31.208724975585938
0.21761756157677373	31.25976848602295
0.21763554267361876	31.29551601409912
0.2177303076821094	31.33087134361267
0.2177335602208379	31.365466833114624
0.21782844521758202	31.403486490249634
0.21811166034877286	31.435147762298584
0.21811485289337496	31.473299980163574
0.218209206513568	31.507160425186157
0.21830368440730946	31.541038990020752
0.21833156024977274	31.576076984405518
0.21842607242587214	31.61018180847168
0.21848230406381272	31.852935314178467
0.21857643484867773	31.891786575317383
0.21867062134237483	31.927165746688843
0.2187645464330913	31.962409496307373
0.21885869864443014	31.996663093566895
0.2189528294292952	32.03216814994812
0.21904712305536128	32.067585945129395
0.21914118527550996	32.11055397987366
0.21923532891625952	32.1478750705719
0.219329382565819	32.182817697525024
0.21951773412673925	32.21855306625366
0.2196118734821939	32.26588559150696
0.21970585856703678	32.31926774978638
0.21980018219016642	32.37707805633545
0.21989411156617705	32.42856431007385
0.2199880238010091	32.46435546875
0.22008224886235897	32.50026559829712
0.220364191261004	32.53584432601929
0.22045820634290994	32.56881380081177
0.2205520157306674	32.60852861404419
0.22064588082725708	32.64331579208374
0.22073971164148842	32.678642988204956
0.22083361959102568	32.715001821517944
0.22085156212021848	32.75117516517639
0.22086952607588406	32.787028789520264
0.22096304406359749	32.81895589828491
0.2209817879429109	32.8588445186615
0.2209864460583233	32.89568066596985
0.22108033258138687	32.932599782943726
0.22117463477804272	32.96796202659607
0.22145611436485285	33.00286149978638
0.2215501337320536	33.04164147377014
0.22164386169921055	33.07470154762268
0.2217372768398495	33.11488938331604
0.22183149333060986	33.14940571784973
0.22192530271836766	33.18459105491638
0.22201945921500132	33.22007894515991
0.22211310576155793	33.25561332702637
0.22220703942286377	33.29299855232239
0.22230072453707286	33.33097743988037
0.22239431108950247	33.368947982788086
0.22248782907721598	33.405170917510986
0.22258133849433986	33.44067120552063
0.22267469792614683	33.47889828681946
0.22276811306678576	33.51677942276001
0.22286149821036144	33.55173873901367
0.22295491763629494	33.5879545211792
0.22304867131522046	33.62384867668152
0.2231419836087851	33.660346031188965
0.22323558730239365	33.69541525840759
0.2233290624371594	33.734925270080566
0.2234223404483661	33.76822257041931
0.22351595271256408	33.80786967277527
0.2236091235914014	33.843807220458984
0.2237024958790928	33.88202500343323
0.22379574817853043	33.91630816459656
0.22388906904268452	33.95048499107361
0.22398224420681662	33.98496437072754
0.22407562077980292	34.01893758773804
0.2240845256223293	34.16519737243652
0.22417735367758482	34.20158004760742
0.22435402352496744	34.30687618255615
0.2246332019084888	34.34551167488098
0.22500527691197902	34.38546586036682
0.22502320229999195	34.42089819908142
0.22511609891996356	34.45470118522644
0.22515237394017135	34.485726833343506
0.22520778280151738	34.557634353637695
0.22530090225681726	34.59247040748596
0.22539375602384146	34.627015590667725
0.22548634838788537	34.662519454956055
0.2255794892696596	34.696452379226685
0.2256722659013782	34.73094630241394
0.22576535964490968	34.771042346954346
0.22577004347209068	34.80458855628967
0.22578791315127095	34.84302306175232
0.22588101975068614	34.88395285606384
0.22615947820468468	34.91956353187561
0.2262518863010527	34.9534273147583
0.22634484291515147	34.987574100494385
0.22636343252385333	35.02157211303711
0.22636800493337036	35.05495858192444
0.22637262019583504	35.0955023765564
0.22646527255400487	35.12936472892761
0.22646980211057424	35.163390159606934
0.22647430595537496	35.19703030586243
0.22656724971358924	35.23118758201599
0.22658510225159104	35.26599383354187
0.2265895418169703	35.301653146743774
0.22668240843987858	35.33477425575256
0.2266868308640787	35.37183952331543
0.22669993101018324	35.40373945236206
0.22675081460025376	35.445083141326904
0.22684396405261684	35.479392766952515
0.2269369163814208	35.51362109184265
0.22702954302782255	35.547380208969116
0.22704192324440614	35.581451177597046
0.2271348498614417	35.61578965187073
0.22715121111686443	35.65131616592407
0.2272434906543903	35.684791803359985
0.22733601445371754	35.718517780303955
0.22735206716791692	35.75100612640381
0.22735603963616643	35.79003691673279
0.22744850344136683	35.82297611236572
0.22754100581422027	35.86059308052063
0.22763343105176767	35.89390230178833
0.22781816582390443	35.92834138870239
0.22809644429552237	35.96233081817627
0.22818883096541728	35.99611949920654
0.228281054794111	36.03001093864441
0.22837339432576334	36.06583762168884
0.2284656952897628	36.10114049911499
0.22855795340081433	36.13597226142883
0.22860702431119753	36.390024185180664
0.2286990210192684	36.425524950027466
0.22879111200382413	36.46189069747925
0.22888326726780125	36.497469663619995
0.22897536253765172	36.53198552131653
0.22906785633991544	36.56576132774353
0.22915950165381532	36.60468101501465
0.22925161406484493	36.63989782333374
0.22934371361999042	36.674508810043335
0.22943574461041955	36.7113938331604
0.22952777131555374	36.747923851013184
0.22962038082077635	36.78331732749939
0.2297123818141417	36.81463360786438
0.22973021292566934	36.85641002655029
0.2297482540166409	36.889851331710815
0.22983983505111938	36.92475366592407
0.22993180176212671	36.958863735198975
0.2300238156113765	36.99469876289368
0.23011587231357422	37.029393911361694
0.2302078904481188	37.063652753829956
0.23029959575614536	37.09782433509827
0.2303914253377201	37.135032176971436
0.23048321206634714	37.17289066314697
0.23085064181031123	37.20775127410889
0.2308686400483347	37.24211025238037
0.23096064532699492	37.27795720100403
0.23105277059390922	37.31180119514465
0.23114441590780904	37.34923481941223
0.2312361897805518	37.38330674171448
0.23132783509445157	37.41541123390198
0.23160315671268017	37.452354431152344
0.23169474631774825	37.48605298995972
0.231786413058122	37.52027201652527
0.2318778698190523	37.5557427406311
0.23196977225063853	37.591103315353394
0.232061447561602	37.62509727478027
0.2321535299755682	37.660646200180054
0.23242855590845768	37.695460081100464
0.23251998267232432	37.73024868965149
0.23283835864708374	37.76398324966431
0.23292981112271915	37.80226111412048
0.23302117789245938	37.83771991729736
0.23311272035928493	37.873496770858765
0.23320413855256195	37.91143727302551
0.2332960366988534	37.946208000183105
0.2333077741212218	37.980711936950684
0.23331166088357602	38.014851570129395
0.23340300194154717	38.04717755317688
0.23340687156272233	38.08512330055237
0.2335897293757505	38.120201110839844
0.23359359899692564	38.155903577804565
0.23359742147985835	38.18982553482056
0.2336149183383947	38.22339677810669
0.23363238948516224	38.25799036026001
0.23364758514040818	38.294599771499634
0.23365135619980368	38.32976746559143
0.23366620903146823	38.36597299575806
0.2336663461609008	38.406414270401
0.23372311774598195	38.44103503227234
0.23373665070685806	38.476041078567505
0.23374330576963218	38.516804218292236
0.23374990940886903	38.55150032043457
0.23375318765936623	38.58389854431152
0.23384425017317811	38.62315487861633
0.23384752842367532	38.65660786628723
0.23393924658758625	38.69085717201233
0.2340307504867591	38.7248752117157
0.23403223748404375	38.762829065322876
0.23412346283905636	38.798858880996704
0.23421467533818469	38.835121393203735
0.23430592211967122	38.866211891174316
0.2343972460364634	38.90418314933777
0.2343987201778634	38.93705987930298
0.23449018122408852	38.970293283462524
0.23449309093923595	39.004666805267334
0.23449452651298308	39.037843227386475
0.23458571758563787	39.07233691215515
0.23467682295239664	39.108229875564575
0.23476809116035716	39.14239454269409
0.23485920509770583	39.176050662994385
0.23495053329979287	39.211841106414795
0.23495195601765576	39.247795820236206
0.2350431256638367	39.28256154060364
0.2350459325319097	39.31732225418091
0.23513727358988093	39.35246253013611
0.2352284089537036	39.38592290878296
0.2353199857028874	39.42031478881836
0.2354110053637508	39.45425891876221
0.23550208501874156	39.488258838653564
0.23559316467373195	39.52172017097473
0.23568414148164804	39.55678963661194
0.23570160834312048	39.587555170059204
0.2357930993864091	39.624128341674805
0.2358837890795762	39.65696597099304
0.2359745730492276	39.692169427871704
0.23606563984833365	39.72652006149292
0.23615644952975387	39.76224064826965
0.2362473663435431	39.79690504074097
0.23633845885441784	39.83453297615051
0.23642932852996462	39.870612144470215
0.23652016820844854	39.904500246047974
0.23661136785169307	39.93580675125122
0.23670222038606087	39.97368121147156
0.2367196572504708	40.00663423538208
0.23681057834955507	40.040690898895264
0.23690141374274393	40.07589673995972
0.2369927076624728	40.110703468322754
0.23708342306740804	40.1549859046936
0.23717411704586913	40.20000147819519
0.23726478102726745	40.240477323532104
0.23744629325773906	40.283358335494995
0.23753679439793632	40.32861518859863
0.23762762979112487	40.37121534347534
0.2378093905686931	40.41114687919617
0.23789998598537448	40.4525420665741
0.23799046998439236	40.49371862411499
0.2379918069963598	40.541157484054565
0.23826382465232288	40.58252549171448
0.23835457862491094	40.61882162094116
0.23844527260337217	40.66615128517151
0.2385358937318226	40.705920696258545
0.23862638630142974	40.748530626297
0.23871682316220544	40.79090094566345
0.23880721288473822	40.836570024490356
0.2390782149258413	40.88061189651489
0.23916848466012083	40.920318841934204
0.2392588958091276	40.95840573310852
0.23934960264347344	40.993263244628906
0.23943992808658499	41.0308358669281
0.23953013782673746	41.06694769859314
0.2396204632698489	41.10021376609802
0.23971088298944523	41.13446021080017
0.23980127271197826	41.168816328048706
0.23989125961680324	41.20256161689758
0.2399812850892811	41.23591494560242
0.24007161053239254	41.270710468292236
0.2400816381221481	41.33860111236572
0.24017159502990937	41.37575650215149
0.24017291918599246	41.41187834739685
0.24017552893050542	41.445685386657715
0.2402655115500353	41.479862451553345
0.2403554513166179	41.513227701187134
0.24035800963759388	41.54902648925781
0.2404480093983031	41.58269500732422
0.24053780346486328	41.61553239822388
0.2406277903696879	41.649847745895386
0.24062905024634923	41.683380126953125
0.2407191914217859	41.71707320213318
0.24073662828619513	41.74885034561157
0.2407540351535413	41.788761138916016
0.2408440092024819	41.82475543022156
0.2409341975161607	41.85808539390564
0.24093544453693788	41.89334726333618
0.2410255085770683	41.92575526237488
0.24111549548189323	41.961337089538574
0.24120568379557217	41.99574828147888
0.24123706500915454	43.057727575302124
0.2413267048051034	43.09176516532898
0.24133374982970288	43.190993309020996
0.2414232996344614	43.22445750236511
0.24151259232153413	43.258363008499146
0.2416022192615987	43.29658603668213
0.2416915805133877	43.32826232910156
0.24170917593370353	43.359723806381226
0.24179876430611488	43.398181676864624
0.241887954146113	43.43056344985962
0.2419769425772569	43.46448087692261
0.24206618812608696	43.49805784225464
0.24242432735099378	43.53069281578064
0.24251359004100254	43.565149545669556
0.24260271988687376	43.59877109527588
0.24269160975623824	43.63179397583008
0.24278057247561363	43.66509127616882
0.24286976660090653	43.705737829208374
0.2429588664497144	43.75094485282898
0.24304793630145888	43.787604570388794
0.24313687330906542	43.82140350341797
0.24322578460490335	43.85467076301575
0.24331476446545772	43.88746428489685
0.24349273704245064	43.922651529312134
0.24358151120885657	43.954609394073486
0.2435989137909079	43.98363947868347
0.24368787651028329	44.01621723175049
0.24377646640901354	44.052616596221924
0.2438652662871875	44.0877366065979
0.24387070004095304	44.18731498718262
0.24395931993674694	44.220545053482056
0.244048342650249	44.25444149971008
0.24413703539605386	44.2905797958374
0.24422591669482874	44.32453513145447
0.24431462658181274	44.35774517059326
0.24440308363640587	44.3913471698761
0.24458146760169647	44.42495036125183
0.24467022891221785	44.45755314826965
0.24475932019043659	44.488332986831665
0.24484788009210365	44.52480626106262
0.24493650855848734	44.55746364593506
0.24502505988956513	44.59244203567505
0.24511373549419116	44.625725984573364
0.2452022139752573	44.659656047821045
0.24521954799259277	44.6937997341156
0.24530802218836478	44.727033853530884
0.24539665065474836	44.78062319755554
0.24548524912406833	44.819284439086914
0.24557381759632518	44.85652208328247
0.24566221037149677	44.889371395111084
0.24575060314666766	44.93053317070007
0.2458392744659989	44.983410120010376
0.24592774437647616	45.03544473648071
0.24601627856637434	45.08165240287781
0.24610442707974384	45.13397789001465
0.24619285842256775	45.176053524017334
0.24628139261246632	45.218647718429565
0.24631621920304161	45.25720238685608
0.24640494623120512	45.29687309265137
0.24649329186813393	45.349780559539795
0.24651052732368922	45.38043975830078
0.2465988258223758	45.41388463973999
0.24668686291808103	45.45594310760498
0.24677558137565472	45.50310683250427
0.24686395272435235	45.55288004875183
0.2469523797818819	45.59048008918762
0.2470404683011244	45.62541961669922
0.2471289339263061	45.66411328315735
0.24721711243673922	45.71276140213013
0.24730529523246697	45.78854537010193
0.24739340089288878	45.8346221446991
0.2473994945820473	45.99222230911255
0.24748769023365927	46.025784492492676
0.2475756373381745	46.062355756759644
0.2476635587309214	46.09911131858826
0.24775178866489148	46.141485929489136
0.2478402628606632	46.18375778198242
0.24792862135347626	46.21870422363281
0.2480163541932534	46.253255128860474
0.24810443842720142	46.29347372055054
0.24819236839053788	46.328964710235596
0.24828034120682213	46.36302375793457
0.24836796262893499	46.39706516265869
0.24845556262457416	46.43019127845764
0.24849008924451688	46.463494539260864
0.24857803206373766	46.49612092971802
0.24875373343450352	46.52823615074158
0.2488367181676836	48.265082359313965
0.24892355109555958	48.29683208465576
0.24901052972345783	48.32830452919006
0.24909710124835427	48.361079692840576
0.24918431985275907	48.3942973613739
0.24927120848946588	48.42662167549133
0.24944472435990153	48.46053338050842
0.24953157871425147	48.49301195144653
0.24961842878330623	48.525922536849976
0.24970510315527533	48.558621406555176
0.24979168753605568	48.590935468673706
0.24987829762860406	48.62408781051636
0.24996498914175272	48.65636444091797
0.2500520577608409	48.689308166503906
0.2501388306945897	48.722997426986694
0.25022553506362266	48.75957131385803
0.25031219229441287	48.79173445701599
0.25039863954576014	48.822909355163574
0.25048524106771847	48.859100341796875
0.250571671177886	48.8906147480011
0.25065807129098994	48.92381453514099
0.25074469852471726	48.95612549781799
0.2507910439876267	49.380024671554565
0.2508773583948359	49.411864280700684
0.2509637456520562	49.44514751434326
0.25104978580040016	49.476462602615356
0.25113606163995617	49.50835680961609
0.25122275315310444	49.54145789146423
0.25130913183973524	49.5747127532959
0.251395373396933	49.607638120651245
0.2514817992218058	49.64004707336426
0.25156807077606774	49.67255210876465
0.2517402667757141	49.704835176467896
0.2518265854682177	49.74149179458618
0.2519125699077292	49.774083852767944
0.25199877289727446	49.806567907333374
0.2520845859249959	49.836777448654175
0.25208778704018725	49.86802625656128
0.25209096672890485	49.89955759048462
0.25210042865975174	49.92982840538025
0.2521035654955216	49.959925413131714
0.25218961849974963	49.99139404296875
0.25236209732885084	50.02061367034912
0.25244812462131	50.05143213272095
0.25270669502229115	50.08147382736206
0.2527926066117925	50.111722469329834
0.2528049911136713	50.14141273498535
0.2528910784002573	50.172282218933105
0.25297710140742097	50.20349335670471
0.25298016110788496	50.23553991317749
0.25306644551803087	50.27072882652283
0.2531524513840169	50.300307750701904
0.253238414397055	50.33059310913086
0.25325538844962947	50.36293601989746
0.2533415400156375	50.39219951629639
0.2534274430345492	50.42303156852722
0.2535132903446288	50.455246686935425
0.2535991033723496	50.48606014251709
0.25368496782360866	50.51609539985657
0.2537708365601616	50.54784870147705
0.25391854210021164	50.63928008079529
0.2540043337014594	50.67009663581848
0.2540898039055996	50.70144009590149
0.25417547980388766	50.73372673988342
0.25426116855806064	50.76711082458496
0.25434699015637136	50.79861640930176
0.2544328974605773	50.82958149909973
0.2545184019470759	50.86086845397949
0.2546041506953754	50.89245843887329
0.25468999800545533	50.92464900016785
0.25477591388025106	50.95655703544617
0.2548615897785399	50.98769187927246
0.25494717997093286	51.01955032348633
0.25496428258235043	51.051207304000854
0.25504993276886984	51.08437633514404
0.25512546965973704	51.24179816246033
0.25521087558445543	51.27394890785217
0.2552960458179603	51.306121826171875
0.25529914837137196	51.33768105506897
0.2553844343078371	51.36866784095764
0.25546972881489105	51.398842573165894
0.25555502760724014	51.42941737174988
0.25564031354370437	51.46077823638916
0.25572562519193803	51.491780519485474
0.2558109625519402	51.52208709716797
0.25589635562077434	51.55312538146973
0.2559815601366385	51.58352732658386
0.2560671631849159	51.60885190963745
0.25615242340961175	51.639774799346924
0.25623756364605477	51.671777963638306
0.25632295671488897	51.703073501586914
0.256408024101321	51.73861289024353
0.2567125157210336	51.76613402366638
0.2567976773839495	51.79676127433777
0.25688280476450864	51.82585263252258
0.2569675550391276	51.85617995262146
0.2570526224255589	51.887832164764404
0.25713763410315865	51.9187536239624
0.25722268434841106	51.951072454452515
0.2573079917113503	51.981295108795166
0.2573929219683491	52.01192927360535
0.2574779036488847	52.0420343875885
0.2577328229787258	52.07345199584961
0.25781779180337744	52.105247259140015
0.25790280776627156	52.1358380317688
0.25798773373797623	52.17067289352417
0.25807234688316244	52.20209836959839
0.2581571100136657	52.23591160774231
0.2582421645442132	52.2676682472229
0.25832708194532783	52.298853635787964
0.2583468671512701	52.358572006225586
0.2584316474229528	52.39093041419983
0.25851651768582606	52.42290806770325
0.25860117368395913	52.454339265823364
0.2586859796674093	52.486013889312744
0.2587026666052342	52.5155668258667
0.25878742116514825	52.546589374542236
0.2590412348889397	52.57828903198242
0.25905791754146995	52.60901498794556
0.2590912442788775	52.63979935646057
0.2591078883637549	52.67093253135681
0.25914113796585675	52.70271825790405
0.2591577434830812	52.736759662628174
0.2591743361444213	52.76862144470215
0.2591909159498772	52.79987382888794
0.25927547767152587	52.829676389694214
0.2592920274799183	52.86019706726074
0.25930857728831086	52.89194059371948
0.25932511424081917	52.92270231246948
0.26000203654348636	52.95386600494385
0.2600864011415763	52.98471450805664
0.26017089429851	53.01303267478943
0.2602553274613166	53.040348052978516
0.26027185155794036	53.072179555892944
0.2603564432766528	53.10329461097717
0.26044082501592103	53.13392496109009
0.2605251724728318	53.16378474235535
0.2605416794282766	53.19516658782959
0.2605581735278371	53.22835874557495
0.2606425466965164	53.25628352165222
0.2607266756033936	53.287914991378784
0.2608109802073566	53.31771802902222
0.2608954262260473	53.347877979278564
0.26091177891088047	53.378538370132446
0.2609282344427881	53.40828585624695
0.2609446899746957	53.439329624176025
0.2609611455066033	53.47313356399536
0.26112971614687686	53.5048942565918
0.2612139093331748	53.53700089454651
0.2612980768077051	53.56751012802124
0.2613822399969415	53.59768033027649
0.261398661246491	53.63170599937439
0.26148309440929723	53.66454219818115
0.261567116183806	53.69690012931824
0.26165173789958185	53.728731870651245
0.2617362996212305	53.759841203689575
0.26182025711631773	53.793904304504395
0.26190430031729983	53.82867908477783
0.26207269097519154	53.86189079284668
0.2621566956085198	53.89466738700867
0.2621597853060472	53.924229860305786
0.2622438756452717	53.95659613609314
0.26232810311392984	53.98593473434448
0.26241216774138565	54.01304340362549
0.2624962623659042	54.044731855392456
0.2625804384110246	54.076741456985474
0.2626646658796817	54.10636258125305
0.26274864908653695	54.13718008995056
0.262832893696373	54.16866993904114
0.26291703545913564	54.20132923126221
0.2630013829160463	54.23064041137695
0.2630854603993865	54.260902404785156
0.2631695293121367	54.29187059402466
0.26325353394546563	54.32362675666809
0.2633373414552357	54.35291790962219
0.2634209347002675	54.384307861328125
0.2635050507512603	54.415278673172
0.2635885282933329	54.44621181488037
0.2636724986443026	54.47810196876526
0.2637563918599682	54.50873112678528
0.26384051219625676	54.53978610038757
0.2639241954324777	54.57165312767029
0.26400809293343797	54.60337734222412
0.26409157047551124	54.633049964904785
0.2641751465793634	54.663087129592896
0.2642591469273981	54.69505167007446
0.264342718745956	54.72788429260254
0.2644263119909876	54.759021043777466
0.2645100680772205	54.79020977020264
0.2645935027663456	54.82159185409546
0.26467737027024313	54.85201907157898
0.2647609977976329	54.883267879486084
0.26484436820733703	54.91323494911194
0.264927811467052	54.944770097732544
0.265011421853263	54.97510242462158
0.26509504081006263	55.005290269851685
0.2651133261628356	55.068039417266846
0.2651968465578567	55.09842324256897
0.26528027696168693	55.128758907318115
0.2652965996494567	55.159597873687744
0.2653799486326859	55.19119596481323
0.26554684800799994	55.22456192970276
0.26563026984124083	55.255619525909424
0.2657137602391976	55.29067349433899
0.2657970363724161	55.32365536689758
0.26588039392623564	55.35674166679382
0.26596388432419327	55.389668703079224
0.2659669611658364	55.42405962944031
0.26605037871378256	55.455973863601685
0.2661335305734532	55.48778057098389
0.26621688812727257	55.51930904388428
0.2663001471193122	55.5516893863678
0.2664673464652596	55.583208084106445
0.2665505283219923	55.61444306373596
0.26663376588755805	55.646326303482056
0.26671699916782904	55.67918658256531
0.2668004595687232	55.71338486671448
0.2668167694006088	55.74573230743408
0.2669002597985662	55.7794828414917
0.2669834502258892	55.81067991256714
0.26699969149305847	55.84126114845276
0.2670159841837647	55.87465715408325
0.2670322640185869	55.90601634979248
0.26711539445178434	55.93777632713318
0.2671983277614216	55.96696329116821
0.2672308402928233	55.99787926673889
0.26731396215543074	56.03007364273071
0.2673967583356358	56.066054344177246
0.2674129138969096	56.09715962409973
0.2674291294523102	56.13731861114502
0.2675124441531819	56.17807984352112
0.2675286554232878	56.22047829627991
0.26756103939584647	56.25798463821411
0.2682257914613772	56.299612283706665
0.268308771909257	56.335758209228516
0.2683411130288681	56.3725004196167
0.26842374208257747	56.411521673202515
0.2685066796775094	56.44660234451294
0.26861946863579284	56.4877712726593
0.2687023676630718	56.52888822555542
0.26878544667273097	56.56671476364136
0.2688681442911564	56.6045982837677
0.2690340066251359	56.641180753707886
0.2691165842553075	56.69424891471863
0.2691992733031435	56.73154091835022
0.26928191949803165	56.76788258552551
0.2692879831901276	56.810657262802124
0.2693705951026568	56.84980034828186
0.2694534555622832	56.88861584663391
0.26953615746600346	56.92491626739502
0.2696187993755968	56.96363139152527
0.2697015826999173	56.99645733833313
0.26978426746245765	57.02799201011658
0.26986702078971436	57.06080603599548
0.26994940129632694	57.09271287918091
0.2700318760794247	57.12401628494263
0.27003492292400455	57.155917167663574
0.27011749198358675	57.19613456726074
0.27019991962844236	57.22802495956421
0.2702823686997712	57.25916624069214
0.2705295359313764	57.29138469696045
0.27054560578675496	57.32333564758301
0.27062853481109805	57.35491943359375
0.2707109153177117	57.387269258499146
0.2707930044242798	57.419833183288574
0.2708753463632387	57.45236802101135
0.27095787685516803	57.48407816886902
0.271013855660715	60.93970537185669
0.2710942777876184	60.97030806541443
0.27117431852328794	61.001023292541504
0.271415392065735	61.03297710418701
0.2714954670837618	61.061888456344604
0.27157600062832976	61.09111928939819
0.2716561184993049	61.11915397644043
0.2717362577967533	61.155256271362305
0.2718166199295308	61.187889099121094
0.27189683636228634	61.21352410316467
0.2719771085038732	61.243871450424194
0.2720571620954263	61.27563738822937
0.2721373228193488	61.30613327026367
0.2722176206727044	61.33663511276245
0.27229752427894055	61.3663592338562
0.2723778178470008	61.395941734313965
0.2726177086480914	61.42526435852051
0.27269769367492847	61.456602573394775
0.2727776529899973	61.48635697364807
0.27293767875250463	61.51751112937927
0.27301735095282337	61.54895544052124
0.2730971817090484	61.58114457130432
0.2731770167505691	61.60925054550171
0.27320892934070357	61.64168405532837
0.27328873867045506	61.67485547065735
0.2733685651413856	61.70515704154968
0.2734484987446856	61.736610412597656
0.2735280509567509	61.76869082450867
0.2736081688277261	61.799914836883545
0.27368840668695543	61.82989954948425
0.2737681260255172	61.86138939857483
0.27384778536995286	61.89288663864136
0.27400739117357187	61.92413067817688
0.2740875433269051	61.9554078578949
0.2741191730875849	61.98630905151367
0.2741988752849668	62.01617455482483
0.2742781746646407	62.04205894470215
0.2743577740149494	62.07400298118591
0.27443732194172166	62.104575634002686
0.27445311325294025	62.135934591293335
0.2745327340297219	62.16889262199402
0.27461241908592515	62.20211935043335
0.27469203129211806	62.2325496673584
0.27501035155804643	62.263797760009766
0.2750901223201453	62.29286479949951
0.2751694302704092	62.32292127609253
0.27524911961190696	62.3553729057312
0.27532847041511793	62.38828682899475
0.27540788549775186	62.41809296607971
0.27548718059213156	62.448580503463745
0.27556669852183935	62.47896885871887
0.2756464392868748	62.508862257003784
0.2757257772342014	62.53969097137451
0.2758053680139197	62.571383476257324
0.2758847231024254	62.60238718986511
0.2759638296438361	62.63499975204468
0.27604299189407777	62.66667938232422
0.27612239840612174	62.69817304611206
0.2762017192122696	62.72864651679993
0.27628101430664875	62.75976824760437
0.27636018941277546	62.79099464416504
0.2764393688041962	62.822139739990234
0.27651859104856513	62.85308647155762
0.2765976247399648	62.88491606712341
0.27667697982847117	62.91496396064758
0.27675619778754557	62.94531869888306
0.27683523576423835	62.97720909118652
0.27691420946150913	63.008962869644165
0.2769934831294145	63.03912973403931
0.27707255110317186	63.071075439453125
0.2771516576445817	63.10174775123596
0.2771675303764011	63.134421586990356
0.2772464955030829	63.16668152809143
0.27732546491506094	63.196714878082275
0.2774048200035667	63.22658681869507
0.27748372513612324	63.253315925598145
0.2775624759980671	63.28470468521118
0.27764154397182456	63.31502604484558
0.2777203291161276	63.344990253448486
0.2777989599898182	63.37466859817505
0.27787497683369816	63.6208975315094
0.2779540919456977	63.6537811756134
0.2780325942605455	63.68527793884277
0.27811172651372407	63.71627068519592
0.2781905330845002	63.748207569122314
0.2782692625199705	63.78108286857605
0.27834794481719827	63.811253786087036
0.27842689280270144	63.8405237197876
0.27850544225579155	63.8725483417511
0.27858396599711327	63.90287971496582
0.27866245117078253	63.932891607284546
0.2787410091944624	63.965739011764526
0.2788198371917124	63.99485206604004
0.27889829665361215	64.02536249160767
0.2789768975302394	64.05571866035461
0.27905580694809023	64.0865113735199
0.27913427069528496	64.11857604980469
0.2792128287189648	64.15219330787659
0.2792912067602638	64.18323063850403
0.2793695976574474	64.21405124664307
0.27944795855756766	64.24362683296204
0.2795263280282781	64.27497720718384
0.2796047060695772	64.3053126335144
0.2796835769197749	64.33574628829956
0.279762044952264	64.36632323265076
0.2798403929965	64.39627313613892
0.27991843249951287	64.42313599586487
0.2799966734113798	64.45362043380737
0.28007515429975377	64.48523759841919
0.28015342949397903	64.51594424247742
0.28023176896762614	64.54561972618103
0.2803098813206498	64.57660150527954
0.28038807080897854	64.6078987121582
0.2804662388708341	64.6409740447998
0.2804775306225471	64.82522583007812
0.28071177769042926	64.85566711425781
0.28078979576696844	64.88686728477478
0.28086782241409747	64.91775345802307
0.28094585334652084	64.94825553894043
0.28102385856717577	64.97806787490845
0.28110222375259086	65.0085859298706
0.2811803661026781	65.03908395767212
0.2812585041674702	65.06889820098877
0.28133627369691216	65.09975862503052
0.2814141289322492	65.13310122489929
0.2814921470087889	65.1624550819397
0.28156972369996663	65.19286513328552
0.281647604647073	65.22268080711365
0.28172551987653827	65.2531247138977
0.2818033194030431	65.28116655349731
0.281881200350149	65.30929946899414
0.2819593726973001	65.3399305343628
0.28224033804873805	65.37121748924255
0.28286261427252907	65.40380239486694
0.28294074805202635	65.43709564208984
0.28309611141382496	65.46461844444275
0.28317364096676056	65.49591016769409
0.28340634532852593	65.52404832839966
0.2834837977461556	65.5543200969696
0.2835614944255871	65.58506369590759
0.28366960384198414	65.61629962921143
0.2837471976743409	65.64788269996643
0.2838245858125496	65.67897915840149
0.2839021325066646	65.70861196517944
0.283907664822214	69.70785737037659
0.28393571207646967	70.86030769348145
0.2840099848053811	70.88861632347107
0.2840840475548496	70.9154257774353
0.28415823029257187	70.94344067573547
0.2843808042175055	70.97292923927307
0.2844549998111111	71.00383496284485
0.28452917397824384	71.03427195549011
0.2846032710100707	71.0655870437622
0.2846773894683711	71.0977110862732
0.28475154220902943	71.12726402282715
0.28482557067614017	71.15630984306335
0.2848996505667875	71.18595933914185
0.2849735161926972	71.21633291244507
0.28504730039800563	71.24595212936401
0.28512171454164525	71.27514338493347
0.2851955587410804	71.30449366569519
0.2852698528964658	71.33368039131165
0.28534370138119575	71.35839653015137
0.28556675097384904	71.38755369186401
0.28564062088505277	71.41738224029541
0.2857144008050669	71.4461259841919
0.2857881807250806	71.47427535057068
0.2858619135068513	71.504319190979
0.28587710916209746	71.53349161148071
0.2859508333732795	71.56556153297424
0.28602467757271494	71.59760427474976
0.28609829893682237	71.6264078617096
0.28617198029505647	71.65545868873596
0.28631936443799816	71.68486618995667
0.2863930929344742	71.71371388435364
0.28646671858387707	71.74312424659729
0.28654036565975305	71.77056217193604
0.2866140384473978	71.8007287979126
0.28668776265857965	71.83087301254272
0.28676138402268775	71.85894417762756
0.28683505681033306	71.88908410072327
0.2869087724509255	71.91922307014465
0.28698249666210723	71.94935989379883
0.28757055909247714	71.98017454147339
0.28771793466483014	72.00955176353455
0.2877913417641991	72.03927779197693
0.2878647702900418	72.07174110412598
0.28793822881294856	72.10125374794006
0.28801132308579935	72.14097428321838
0.28823166008686507	72.17938947677612
0.2883047757861897	72.21791386604309
0.2883779471943465	72.24969387054443
0.28845126001723037	72.29038310050964
0.2885248856666327	72.3251781463623
0.28859818563363276	72.3565309047699
0.2886710742123343	72.39050960540771
0.28874412134694316	72.4281325340271
0.28881706134918217	72.46486711502075
0.2888903570308874	72.4982476234436
0.28910957557001815	72.53660941123962
0.2891825841369732	72.57550597190857
0.28925569126570805	72.6151032447815
0.28932851985028374	72.65020871162415
0.2894017041143248	72.68499517440796
0.2894747726754075	72.72056078910828
0.28954760125998213	72.76345300674438
0.28962054983281077	72.79806423187256
0.28969360982330344	72.83312368392944
0.2897663869843416	72.86854720115662
0.2898390184453575	72.90337681770325
0.2899848341704147	72.93767428398132
0.29005781274030673	72.97229266166687
0.2901306970337142	73.00287795066833
0.29020342277121486	73.03300905227661
0.29027625564108483	73.06635880470276
0.2903490370874176	73.09604287147522
0.2904215614160643	73.12569880485535
0.29049433429180754	73.15497016906738
0.2905669443263498	73.18481469154358
0.2906397471991564	73.20888614654541
0.2908578472763529	73.23934769630432
0.2909303416079363	73.26951384544373
0.2910029816395418	73.30004286766052
0.29100324304252273	73.33344411849976
0.29107581022411655	73.36138653755188
0.2911061715375458	73.38906192779541
0.2911787515750248	73.41990613937378
0.29125130590073556	73.45001173019409
0.2913239930705836	73.47937250137329
0.29139647883157827	73.50734567642212
0.29146887031608704	73.53757405281067
0.2915414674947449	73.57035660743713
0.2916138204116002	73.59966588020325
0.291686696134418	73.62918472290039
0.29175911333069565	73.65855073928833
0.29183147910343604	73.6888518333435
0.29190380630852364	73.71762824058533
0.2919762063636225	73.74854016304016
0.2920486021334267	73.79010939598083
0.29212110075030506	73.82697796821594
0.29219345366716115	73.85655665397644
0.29219414788491355	73.8871238231659
0.29226631653409463	73.91670441627502
0.2923387551568464	73.9469587802887
0.2924110137972174	73.97649598121643
0.29248319530228345	74.00539374351501
0.2925556082132668	74.0365514755249
0.29262827395664087	74.06970071792603
0.2927001769175474	74.09781837463379
0.2927721570137585	74.12455654144287
0.29284446707766704	74.15432524681091
0.29291658001801596	74.18435883522034
0.2929888515142714	74.213627576828
0.2930610115928632	74.24130654335022
0.29313312881850684	74.27161884307861
0.29320500606764344	74.30138826370239
0.29327746611686867	74.33155465126038
0.2933494076454272	74.36094617843628
0.2934214948740077	74.3906831741333
0.2934932649907758	74.42053556442261
0.2935655964811577	74.45060014724731
0.29363756372148475	74.47884631156921
0.2937094195441485	74.50570845603943
0.2937816610433408	74.54026699066162
0.29406926431637226	74.57228231430054
0.2941415915214597	74.59925293922424
0.29421343020294377	74.6291127204895
0.29428512318440586	74.65784049034119
0.29435733468653497	74.68826532363892
0.29464438944183774	74.71903681755066
0.29471635239687005	74.75188446044922
0.2948601026098497	74.78216648101807
0.29493175273836403	74.81202292442322
0.295146728835674	74.841059923172
0.2952184089612513	74.87100338935852
0.29529010194271316	74.90076088905334
0.29536173064475374	74.93018937110901
0.2954333122085517	74.95967197418213
0.2955050823253193	74.98912835121155
0.29557687386856074	75.01761841773987
0.29560696949371335	75.19702363014221
0.295678268228057	75.22431206703186
0.2957496269565283	75.25462627410889
0.2958210671055995	75.28421950340271
0.2958924858281963	75.31466150283813
0.29596395597433006	75.34546494483948
0.2960352418527889	75.37349128723145
0.29610638631652053	75.40165948867798
0.29617764648321065	75.43487501144409
0.2962490823469865	75.46440863609314
0.29632041964898287	75.48933458328247
0.29639177837745423	75.51872181892395
0.29646347135891576	75.55114197731018
0.29653481294620715	75.58104658126831
0.29660623166880407	75.60955953598022
0.2966774275560725	75.63842964172363
0.2967484948844986	75.66844749450684
0.29681968220117794	75.69965744018555
0.2968909252266893	75.72889924049377
0.29696195827275673	75.75927400588989
0.29703302988647706	75.78897786140442
0.2971040200795971	75.81968832015991
0.297175168828624	75.85004782676697
0.29724621473057583	75.88050031661987
0.2973173206266547	75.91008710861206
0.29738831510506936	75.93739414215088
0.29760145281092615	75.96917009353638
0.2976724472893414	75.99794459342957
0.29774345462364055	76.02552938461304
0.29781432054321233	76.05647397041321
0.29788522931573136	76.08604621887207
0.2979563052147473	76.11807322502136
0.2980272525549201	76.14775514602661
0.29809789135386927	76.17661190032959
0.29816881726756805	76.20544362068176
0.29823961033712887	76.23523497581482
0.2983104248331644	76.26423525810242
0.2983812350439041	76.29426860809326
0.29845243521646786	76.32284593582153
0.2985233311331021	76.352290391922
0.2985939656467565	76.38246178627014
0.2986644501750935	76.41166925430298
0.2986693054140632	77.82431387901306
0.29873892859815193	77.85120272636414
0.29880910458526566	77.88007092475891
0.2988789763164515	77.90699028968811
0.2989486766358466	77.93666195869446
0.2990182269699248	77.96627259254456
0.2990879101481409	77.99731826782227
0.2991575976116515	78.02900314331055
0.29922732364281535	78.05783414840698
0.2992971182386955	78.08788681030273
0.29943639460393684	78.11900162696838
0.2995060949233319	78.15201878547668
0.29957567953976827	78.18292140960693
0.29964518273560414	78.21136331558228
0.2997147373549767	78.2399730682373
0.2997843905361288	78.27019453048706
0.2998543479732095	78.29758143424988
0.2999238640249295	78.32555103302002
0.29999345292666035	78.35526299476624
0.3000628404195373	78.38489961624146
0.3001323007624253	78.41487669944763
0.3002018725229778	78.44297933578491
0.30027124287467566	78.47327613830566
0.3003112675278028	78.76647281646729
0.30038066359126947	78.7966628074646
0.30045005965473603	78.82444477081299
0.3005190486151986	78.85436606407166
0.30058856895221403	78.88296270370483
0.3006578921656697	78.91172313690186
0.30072699254379687	78.9384298324585
0.3008651118794519	78.96547317504883
0.3009341951164003	78.99509787559509
0.30107267441681596	79.02450942993164
0.3011418176478906	79.05652570724487
0.3012110208730925	79.08734130859375
0.3012800312600298	79.11732602119446
0.30134896451166177	79.14859867095947
0.30155622707839175	79.17587852478027
0.30162521603885495	79.20424056053162
0.3016942521375606	79.23338007926941
0.30176326680979276	79.26303100585938
0.30183253002912175	79.2919590473175
0.3019013347219103	79.32092547416687
0.30197034939414347	79.34965515136719
0.3020391626575213	79.37375378608704
0.3022458595653405	79.40320897102356
0.3023147328228453	79.43324375152588
0.3023834089567905	79.46339344978333
0.3024525564731603	79.49228835105896
0.3025209454923566	79.52270841598511
0.30258974161455504	79.55377769470215
0.30265840917791115	79.58520412445068
0.3027272010148147	79.62070512771606
0.30279595856936103	79.65849113464355
0.3028647332650857	79.69428062438965
0.3029332079901778	79.73044300079346
0.30300166557409053	79.76641511917114
0.3030702474315515	79.80268430709839
0.3031387950066543	79.8322401046753
0.30320726973174583	79.8621175289154
0.30327618155690417	79.8914566040039
0.30334458343198484	79.92028498649597
0.30340231920839	82.59663987159729
0.30346906267439494	82.62351083755493
0.3035353390432709	82.65128469467163
0.3036017096886314	82.67805814743042
0.30366785321336925	82.70204496383667
0.3037344766911213	82.73005676269531
0.3038007402041123	82.75742363929749
0.3038670894229998	82.78549838066101
0.3039331900947898	82.81337809562683
0.30399920934597996	82.84217357635498
0.3040653828677807	82.8691885471344
0.304131552104287	82.89202570915222
0.30419788418199467	82.92037558555603
0.30446246685153516	82.94823408126831
0.30452859323509424	82.97682070732117
0.30459459963040025	83.00486397743225
0.3045957309482192	83.08697009086609
0.3046619387523783	83.11112213134766
0.304727765165303	83.1369400024414
0.30479392154592505	83.16643810272217
0.3048598593765144	83.19300484657288
0.3049257586394508	83.21951723098755
0.30499165790238675	83.2474992275238
0.30505732575940553	83.27033877372742
0.3051231778840995	83.29850029945374
0.3051962764422428	83.58945822715759
0.30526165289921703	83.61363506317139
0.3053274835974367	83.63831210136414
0.3053928343426426	83.6656219959259
0.30545822794079597	83.69294881820679
0.30552364296542334	83.72010684013367
0.30558935796068465	83.75233173370361
0.30565467013823766	83.78926301002502
0.3057199308922536	83.81944394111633
0.3057852944933442	83.85096859931946
0.3058505681032438	83.90255689620972
0.3059159102778607	83.98870921134949
0.30604631608293315	84.04507756233215
0.3061115339840016	84.09238529205322
0.3061767433144801	84.12014508247375
0.3062419826420222	84.14807105064392
0.30630704198718384	84.1744475364685
0.3064376106334578	84.20018815994263
0.30650257998742914	84.22671437263489
0.30656767361494924	84.24917697906494
0.30708919398816664	84.27537035942078
0.30715430475686567	84.3022882938385
0.3072192783961326	84.32994389533997
0.30728411490596697	84.35567235946655
0.30734908425993834	84.3835985660553
0.30741402361684617	84.40570211410522
0.3076088031199177	84.4328887462616
0.3076734725032554	84.46217823028564
0.30773836043662695	84.48915839195251
0.3078030983846814	84.51609015464783
0.30786771634448235	84.5378623008728
0.3079323085925145	84.5647943019867
0.30799692655231564	84.59116172790527
0.3080616516444852	84.6186773777008
0.30832045773667877	84.64546751976013
0.30838499856117435	84.67050766944885
0.30844959509450115	84.69357895851135
0.3085140502131005	84.72095394134521
0.30857850961699457	84.7511579990387
0.30864311900620567	84.77865552902222
0.3087075355571519	84.80458235740662
0.30877194782280404	84.83201241493225
0.3088365143590671	84.85875940322876
0.30890094376589783	84.88155627250671
0.30896548887568703	84.90771579742432
0.3090299954178239	84.93443036079407
0.3090943905422966	84.96465945243835
0.3091588970844327	84.99206519126892
0.30922322364418914	85.0196886062622
0.3092875459186505	85.04262065887451
0.3093520096078396	85.06978178024292
0.309416499008797	85.09700012207031
0.3094808127126693	85.12313151359558
0.30954519069596276	85.14922308921814
0.3096094229792341	85.17483472824097
0.3096737838213489	85.19783234596252
0.3097380975252213	85.22307467460632
0.3098022740996605	85.24924921989441
0.3098665020976372	85.27637338638306
0.3099307558073826	85.30351996421814
0.3099948209641582	85.3268895149231
0.3100590618180188	85.35638117790222
0.3101234398013134	85.38370442390442
0.3103799489755126	85.40955305099487
0.31044404841464673	85.44255685806274
0.3105083406920448	85.47229361534119
0.31057237585175773	85.49931335449219
0.31063638529970067	85.52539467811584
0.3107003861770543	85.55070972442627
0.3107642842073341	85.57373213768005
0.3108283236523411	85.60151672363281
0.31089220025614744	85.63025498390198
0.3109560640040687	85.65646123886108
0.31101994917846365	85.68399858474731
0.3112119775222936	85.70954251289368
0.3112760555349531	85.7332649230957
0.3114040958573151	85.76115345954895
0.3114678481875734	85.78759980201721
0.3115315662354726	85.81535363197327
0.311595305709846	85.84222364425659
0.311658993760682	85.86749625205994
0.3117231531939427	85.89009094238281
0.31178677696535645	85.91842246055603
0.3118505550073824	85.94635891914368
0.31191399022582755	85.97419738769531
0.311977669706074	86.00040674209595
0.31204117348923477	86.02759122848511
0.3121683824644114	86.0506227016449
0.31223203623288925	86.07899832725525
0.3122956214366508	86.10468459129333
0.31235932662866533	86.13294172286987
0.31242297611184805	86.1589708328247
0.3124867755803478	86.1858446598053
0.3125504164929416	86.20700263977051
0.312613924561398	86.23435521125793
0.31267748833868547	86.25984215736389
0.3127408978453621	86.2860586643219
0.3128679696911056	86.31169939041138
0.3129313706271919	86.33547329902649
0.3129946044367836	86.3621826171875
0.31305792823756434	86.38803553581238
0.31312134202953634	86.41633296012878
0.31318459298030543	86.44528555870056
0.31324800248698165	86.47405505180359
0.31331124058186727	86.4965283870697
0.31337444867968944	86.52168679237366
0.3134376182098587	86.54900574684143
0.3135008948723963	86.57579898834229
0.3135641243966925	86.60207653045654
0.31362757675631653	86.62457776069641
0.31369093483945565	86.65117764472961
0.31375420293140505	86.67906999588013
0.3138172824703847	86.7043845653534
0.31388079053884027	86.73123741149902
0.31394400720725235	86.7576630115509
0.3140075538433602	86.78151392936707
0.31407059052939096	86.80741620063782
0.3141336872095486	86.83400201797485
0.3141968096014753	86.8604187965393
0.314259752011021	86.88675475120544
0.314322771555873	86.91035056114197
0.31438564111540823	86.93767213821411
0.31444864780437626	86.96620988845825
0.3145118387610195	86.99218010902405
0.3145748325941033	87.01916074752808
0.3146378478536608	87.04664158821106
0.31470077740732283	87.0702474117279
0.3152045738013793	87.09695935249329
0.3152673105167775	87.12343502044678
0.31533020150278757	87.14970207214355
0.3153929767858383	87.17632794380188
0.3154556449365199	87.20124340057373
0.3155182873754327	87.22446990013123
0.3160201639574376	87.25464701652527
0.3161454874029159	87.28294825553894
0.31620810413006034	87.30936527252197
0.316270485165992	87.3355278968811
0.3163957229055744	87.36140251159668
0.31645812108268556	87.38419032096863
0.31652061782157553	87.41172242164612
0.3165831145604659	87.44013237953186
0.31664545702874525	87.46702146530151
0.31670767093818103	87.49319434165955
0.31677002626234463	87.51917362213135
0.3168324030129821	87.54122877120972
0.31689472405478786	87.56918978691101
0.3169569893877607	87.59518384933472
0.31701955897666245	87.6199243068695
0.3170818971596473	87.64556860923767
0.3171441196396731	87.66963791847229
0.3172063164079304	87.6967625617981
0.3172686717320931	87.72254586219788
0.3173308427885818	87.7500410079956
0.3173934638010219	87.77730441093445
0.3174554977280777	87.80353808403015
0.31751808017286437	87.82557153701782
0.3175802169469941	87.85207772254944
0.31764263226528483	87.88067054748535
0.31770478618059333	87.90753698348999
0.3177668758164805	87.93760585784912
0.3178289440258948	87.9657051563263
0.3178911450794461	87.98835492134094
0.3179531447241437	88.01460695266724
0.3180152643570952	88.04091811180115
0.3180773325665087	88.06858038902283
0.3180924596570383	88.09523344039917
0.3181545278664519	88.12153840065002
0.3182165532229188	88.1606879234314
0.31827859572056433	88.19227719306946
0.31834051394466134	88.22419905662537
0.31840268500114954	88.25621509552002
0.31846469321643656	88.28865075111389
0.3185268171346824	88.3217248916626
0.31858864108229484	88.35213613510132
0.3186506064446345	88.39152503013611
0.3187125246687318	88.43445873260498
0.3187743657575228	88.46740913391113
0.3188362197021989	88.49992394447327
0.3188979750850948	88.53229260444641
0.3189598675974231	88.56542706489563
0.31902157155678174	88.60087990760803
0.3190833397955621	88.63220572471619
0.31914508232257327	88.66450667381287
0.31920685913194347	88.69620394706726
0.3192684816707013	88.7304995059967
0.319330241338892	88.76412391662598
0.319391949583545	88.79949617385864
0.3194535378399451	88.83007073402405
0.31951514752281945	88.86085987091064
0.3195767614909886	88.8924036026001
0.3196382854679666	88.92718887329102
0.3196998865802511	88.96039986610413
0.31976139341605075	88.9924590587616
0.3198226902724064	89.01882791519165
0.3198840728346572	89.04577326774597
0.3199456953734147	89.07300734519958
0.3200072579180465	89.09631752967834
0.32006885474503627	89.12260365486145
0.32013031015729787	89.15024828910828
0.32019152130775913	89.17702341079712
0.3202527581699881	89.2029676437378
0.3203754418738899	89.22462201118469
0.32043683300673104	89.25121831893921
0.3204980184454227	89.27755904197693
0.32055932815766175	89.30496859550476
0.32062062072872266	89.33113741874695
0.3206817890262354	89.35300374031067
0.3207431201649495	89.37963509559631
0.32076208687958996	89.66068696975708
0.3208234780124305	89.68725943565369
0.32088468916289103	89.71299934387207
0.3209458017515719	89.7400369644165
0.3210068629167154	89.76580476760864
0.32106782980537457	89.79308152198792
0.3211292080823311	89.81936883926392
0.32119032067101205	89.84675431251526
0.3212513646949765	89.8723623752594
0.32131223302185513	89.89384007453918
0.3214949665613362	89.92373132705688
0.3215557406117303	89.95056986808777
0.32161667750332557	89.97570013999939
0.32167741727136134	90.00328612327576
0.3217382298894081	90.02897334098816
0.32179908964569787	90.05097460746765
0.3218142038803443	90.07788181304932
0.32187485365719015	90.10234069824219
0.3219356405634684	90.12842226028442
0.32199632462267264	90.15565919876099
0.3220569444024549	90.17655062675476
0.32211745276457354	90.20237588882446
0.3222389451565291	90.22868323326111
0.32229984776576676	90.25397443771362
0.32236042897789613	90.27497029304504
0.32242104018708884	90.30037355422974
0.32248168996393495	90.3263943195343
0.32254253257904475	90.35185694694519
0.322725034712608	90.37379050254822
0.32278559021296893	90.40040397644043
0.32284606000743465	90.42964386940002
0.3229064226695308	90.45437836647034
0.32296688817870206	90.4804904460907
0.3230274993878947	90.50204253196716
0.3230879863235397	90.52759575843811
0.32314829756209923	90.5521330833435
0.3232087759271546	90.57911443710327
0.32326926286279933	90.60064721107483
0.323329565530769	90.62672781944275
0.32338999247228734	90.65190577507019
0.32345043655498434	90.67953515052795
0.32351103062299785	90.70464944839478
0.323571273296841	90.72548818588257
0.3236315202559789	90.75308513641357
0.3238134053070958	90.78336358070374
0.3238737165456552	90.80950427055359
0.32393367639004395	90.83558773994446
0.3239938076462226	90.86219787597656
0.3240540674612451	90.88457417488098
0.324114485832173	90.91450381278992
0.32417468136777333	90.94054174423218
0.3242349583239744	90.96715140342712
0.3242950938654477	90.99524545669556
0.32435559794227253	91.02088928222656
0.3244157506249249	91.0423514842987
0.32447566761636654	91.06898427009583
0.3245959001316607	91.09664392471313
0.32465587283193353	91.12689113616943
0.32471590552633317	91.15336799621582
0.3247761653413556	91.17978549003601
0.3248361637533966	91.20172595977783
0.3248961235977844	91.22776985168457
0.32495605344510925	91.25423741340637
0.325016026145382	91.28053736686707
0.32507592171034877	91.30704164505005
0.3251357144282408	91.33234786987305
0.3251955885667333	91.35449767112732
0.32519842114657815	97.12072420120239
0.3252543785256536	97.15844941139221
0.3253103101929605	97.19209122657776
0.32536661468091166	97.21257162094116
0.3254225420629239	97.23575782775879
0.32547841373610387	97.26359605789185
0.3255346582299286	97.28873467445374
0.3255909327208158	97.31037306785583
0.3256467443998688	97.33592128753662
0.3257028131966078	97.36389541625977
0.3257588177139252	97.38836598396301
0.32581460368121035	97.41276478767395
0.3258703639367266	97.43351078033447
0.3259262270393167	97.45786666870117
0.3259820472889588	97.48285722732544
0.32614981657910985	97.5080041885376
0.3262055511228571	97.52896738052368
0.32626115710776166	97.55427575111389
0.32631668595736024	97.57976865768433
0.32637229194226436	97.61321759223938
0.3264280350566008	97.64921259880066
0.3264838467356537	97.68583536148071
0.3265058088713367	97.95202422142029
0.32653084356337014	98.06478238105774
0.32658597388055477	98.08837509155273
0.32664118133304565	98.11253905296326
0.32669644020907385	98.13695859909058
0.32675173336745994	98.15765762329102
0.3268069108228876	98.19431471824646
0.32686211827537887	98.2264084815979
0.32691740714847034	98.27007532119751
0.32697257603330804	98.3072440624237
0.32713927828506384	98.34251379966736
0.32719439146107043	98.3696026802063
0.32724948749589733	98.39349555969238
0.32730472923074677	98.41376042366028
0.3274704544352918	98.43871521949768
0.3275255633260032	98.46378588676453
0.3275807064990729	98.48912572860718
0.3276355925544564	98.50958633422852
0.32769055574514566	98.53591561317444
0.32774594746531244	98.55967473983765
0.32780100921778155	98.58387470245361
0.32785606239966086	98.60810136795044
0.3278688411486573	98.75019025802612
0.32792397146584246	98.77943420410156
0.3279790460741963	98.80296802520752
0.3280339235589901	98.82270836830139
0.32808884818202644	98.85068893432617
0.328308863785985	98.87413907051086
0.3283635312913359	98.89834594726562
0.3284729648638156	98.91942000389099
0.32852755094856545	98.94251728057861
0.3285824155774755	98.96668601036072
0.3286372802063846	98.98930144309998
0.3286919134293763	99.00937032699585
0.3287464823729468	99.0330765247345
0.32880101703415926	99.0576024055481
0.3288556031189091	99.0782380104065
0.3289101763477739	99.1024284362793
0.3293457508491312	99.12501788139343
0.3294977716810117	99.16931653022766
0.32955220349515013	99.19235515594482
0.3296063310533595	99.21621131896973
0.3296605143204017	99.23914575576782
0.3297147318698013	99.25969672203064
0.3297688808544847	99.28348565101624
0.3298230812627053	99.30886936187744
0.3298773759474108	99.3329210281372
0.32993158492622143	99.35659265518188
0.3299858024756209	99.38190412521362
0.330040071448558	99.40534019470215
0.33009414758323063	99.42735075950623
0.3301482194326081	99.44935989379883
0.3302022484290377	99.47318315505981
0.33025650026079534	99.49669551849365
0.33031060210723645	99.51665735244751
0.33036454111247654	99.54034852981567
0.33041896864131975	99.56487369537354
0.33063550458592617	99.58946871757507
0.33068929360584914	99.6102876663208
0.330743425449354	99.63562440872192
0.33079743301931025	99.65801525115967
0.33085132917160265	99.68126559257507
0.3309052124680106	99.70213460922241
0.33095901005852363	99.72582411766052
0.331012927637289	99.75191855430603
0.33106673808368575	99.7718939781189
0.3311206770889256	99.79632091522217
0.3311743289794155	99.82136273384094
0.33122819513464413	99.84792399406433
0.33128191558985187	99.8710036277771
0.33133577745978565	99.89122009277344
0.3313894893444026	99.91520500183105
0.33141979066370403	100.00848889350891
0.33147337827477363	100.02919173240662
0.3315270558770318	100.05241250991821
0.33158066919986845	100.07602524757385
0.33163443679331717	100.09969830513
0.33168793441319544	100.12035918235779
0.3317415648772121	100.14391255378723
0.3317950110735536	100.16918897628784
0.33184846584048455	100.19200921058655
0.3319020663074377	100.21349263191223
0.3319554739361264	100.23793840408325
0.3320089587001211	100.26152038574219
0.3320623234758622	100.28154110908508
0.332116121066375	100.30577874183655
0.33216961440095855	100.33169651031494
0.3322231334473114	100.35750555992126
0.3322765410759996	100.3822832107544
0.3323298887105613	100.40322732925415
0.3323832063480594	100.42670702934265
0.33243644256495714	100.45253849029541
0.33248970449362353	100.47534966468811
0.3325430264164168	100.49692273139954
0.33259623692154583	100.52151656150818
0.3326497859649614	100.5453531742096
0.3327030993171651	100.56612062454224
0.33280969602450905	100.58946371078491
0.3328629450972911	100.61341047286987
0.33291624987890495	100.6378960609436
0.332969601798762	100.6595253944397
0.3330227694509437	100.6845326423645
0.33312904047588543	100.70833539962769
0.3331823324016159	100.73270416259766
0.3332352557919955	100.75949382781982
0.3332883805912295	100.78143167495728
0.3333414753933997	100.80666542053223
0.33339440735436926	100.83537912368774
0.3334475407241927	100.86029028892517
0.33350062695577315	100.88497638702393
0.33355383317560766	100.90539073944092
0.33360679084834527	100.93054056167603
0.33362164796530314	100.95411467552185
0.33367478562042213	100.97373080253601
0.3337277261519796	100.99810743331909
0.3337809752247622	101.02202987670898
0.3338339328975002	101.04619550704956
0.3338867405849214	101.06651067733765
0.33393979253414435	101.08984112739563
0.3339926387892187	101.11408543586731
0.33409838700819905	101.13430762290955
0.3341514775250752	101.157555103302
0.3342042680713172	101.18209552764893
0.33430984487850696	101.20706152915955
0.3343629353953832	101.22663426399231
0.3344156359504354	101.25225973129272
0.3344685507702249	101.27628660202026
0.3345212470399824	101.30215501785278
0.3345739475950347	101.32411766052246
0.33462658387066496	101.35002660751343
0.3348372575320315	101.37393283843994
0.33488979524588175	101.39820432662964
0.33504799975811267	101.41888689994812
0.3351003703454674	101.4427056312561
0.3351528694916651	101.46666240692139
0.33520529150255685	101.4905047416687
0.3352580820487989	101.50968885421753
0.33531093258916767	101.53444766998291
0.3353636074324509	101.55901551246643
0.3354159780198061	101.58179926872253
0.33546833575127644	101.60280251502991
0.33552083061217924	101.62603163719177
0.335573145490702	101.6509370803833
0.3356255289339412	101.67561316490173
0.33567780095951616	101.69738483428955
0.3357301415498077	101.72167563438416
0.33578260212835287	101.747967004776
0.33583502842453977	101.77315211296082
0.335887557567801	101.79316759109497
0.33594002243164023	101.82038807868958
0.33599227731603637	101.84681439399719
0.33604436078864175	101.87131261825562
0.3360965256818482	101.89098715782166
0.33614863058092725	101.91527771949768
0.3362011340124202	101.94040417671204
0.3362533717556369	101.96438217163086
0.3363057166312237	101.9850423336029
0.3363581729244736	102.00798892974854
0.3364102349706051	102.03193545341492
0.33646224559319965	102.05576419830322
0.33667039950124056	102.07515001296997
0.33672237155618223	102.09960150718689
0.336774266475818	102.12389826774597
0.33682631995136036	102.14360618591309
0.33687819772981775	102.16838812828064
0.3369302212082968	102.19206404685974
0.3369819875690896	102.21497392654419
0.33703400676227363	102.23574113845825
0.3370858331171932	102.25909471511841
0.33713773232212363	102.28838610649109
0.3371895029682108	102.3149688243866
0.3372412693290033	102.33705925941467
0.3373447891947046	102.35972905158997
0.33739650413196	102.38369941711426
0.3374482362103945	102.40644121170044
0.3374998225888073	102.42681527137756
0.3375514903878201	102.45166969299316
0.33760318389860133	102.4748318195343
0.3376548988358564	102.49407386779785
0.33770648949956383	102.51816987991333
0.3377580887338603	102.5421826839447
0.3377967463779586	102.61404252052307
0.33784840132108773	102.64377808570862
0.33790017625246965	102.67647743225098
0.33795175834558705	102.70276498794556
0.3380032461622197	102.72232723236084
0.3380548711082857	102.74903535842896
0.3381063589249182	102.77543234825134
