0.01851811790156842
0.022942130881557585
0.027355327203894
0.04078961600865329
0.04517036235803141
0.04958355868036781
0.05391563007030837
0.05822065981611691
0.06250946457544626
0.06679286100594926
0.07535424553812882
0.07958896700919436
0.08373174689021108
0.08785289345592227
0.09202271498107101
0.09614386154678228
0.10024337479718791
0.10433747971876721
0.10844240129799917
0.11252028123309923
0.12059491617090336
0.12457544618712836
0.12855056787452707
0.13249864791779364
0.1364467279610603
0.140313683071931
0.14419145484045473
0.14804759329367256
0.15187669010275842
0.15569497025419154
0.1595294753921039
0.16710654407787995
0.17081124932395897
0.17449432125473227
0.17820443482963763
0.17727420227149795
0.18090859924283387
0.18458085451595466
0.18817739318550591
0.19178474851270974
0.19537047052460807
0.20244997295835584
0.20596538669551093
0.2094483504597078
0.21293131422390466
0.2164034613304489
0.21983234180638186
0.22323418063818293
0.22661979448350458
0.22998918334234716
0.23334234721471034
0.22970254191454811
0.23302325581395325
0.2362790697674416
0.2395294753921037
0.24276365603028632
0.2460140616549484
0.24918875067604093
0.25237425635478633
0.2555273120605734
0.258664142779881
0.26179015684153584
0.2602866414277987
0.26334775554353684
0.2664305029745808
0.31828015143320704
0.3203677663601947
0.32242293131422406
0.3244943212547324
0.3265116279069768
0.33047593293672267
0.33237966468361285
0.3340616549486209
0.3359653866955111
0.3367982693347756
0.3387020010816657
0.34055705786911833
0.3424607896160087
0.30011357490535423
0.2926392644672797
0.29345592212006505
0.2952623039480802
0.29703082747431064
0.29878853434288816
0.2959113034072472
0.29669551108707415
0.298388318009735
0.30005949161709033
0.3017414818820982
0.30498107084910764
0.29531097890751773
0.29691725256895635
0.2975283937263387
0.29870200108166595
0.30031909140075735
0.30088696592752845
0.3024553812871823
0.28301243915630064
0.284461871281774
0.2849972958355869
0.28643050297458095
0.2578420767982694
0.25924824229313154
0.2319794483504599
0.23335316387236354
0.2336235803136832
0.2349756625202814
0.22188750676041122
0.21729583558680382
0.21850189291508937
0.21970254191454855
0.21977285018929166
0.22093564088696604
0.22209302325581406
0.21164954029204955
0.21190373174689003
0.21214710654407767
0.21236884802595982
0.21257436452136272
0.21365062195781478
0.21375338020551632
0.21482963764196855
0.21587885343428867
0.21694429421308806
0.21793401838831788
0.21988642509464562
0.22082206598161158
0.22175229853975106
0.22267171444023784
0.22357490535424537
0.2145429962141696
0.21626825310978887
0.21709572742022692
0.217923201730665
0.2187074094104919
0.21179015684153576
0.21256895619253635
0.19936181719848559
0.19707950243374783
0.18619794483504584
0.18689561925365053
0.1870632774472687
0.17327203893996748
0.1745862628447809
0.17522444564629527
0.175840995132504
0.17644672796106003
0.17703082747431045
0.17759870200108172
0.17773391022174154
0.178263926446728
0.17877771768523532
0.17928610059491618
0.17465657111952407
0.1751541373715522
0.17563007030827468
0.17608436992969168
0.1769118442401297
0.1723850730124391
0.1731368307193076
0.17330989724175222
0.17363439697133576
0.16439697133585707
0.15746349378042176
0.15776636019469975
0.12143861546782041
0.12166576527852893
0.12187128177393182
0.08055164954029204
0.07823147647376959
0.0736019469983775
0.07384532179556519
0.06921579232017308
0.050789616008653324
0.04846944294213088
0.04155219037317469
0.03923201730665225
0.03460248783126015
0.03001081665765279
0.020832882639264465
0.018512709572742023
0.016192536506219577
